0.000 -0.0000 3.0000 0.1134
0.500 -0.0000 3.0000 0.1139
1.000 -0.0000 3.0000 0.1144
1.500 0.0001 3.0036 0.1192
2.000 -0.0013 3.0841 0.1305
2.500 -0.0018 3.3320 0.1247
3.000 0.0021 3.6549 0.1232
3.500 0.0158 3.9965 0.1235
4.000 0.0416 4.3509 0.1245
4.500 0.0797 4.7200 0.1239
5.000 0.1221 5.0837 0.1245
5.500 0.1659 5.4452 0.1270
6.000 0.1965 5.8113 0.1276
6.500 0.2116 6.1756 0.1284
7.000 0.2166 6.5365 0.1295
7.500 0.2230 6.9025 0.1284
8.000 0.2276 7.2663 0.1297
8.500 0.2393 7.6336 0.1277
9.000 0.2405 7.9913 0.1304
9.500 0.2433 8.3622 0.1284
10.000 0.2443 8.7260 0.1295
10.500 0.2476 9.0937 0.1287
11.000 0.2484 9.4639 0.1282
11.500 0.2475 9.8294 0.1298
12.000 0.2498 10.2029 0.1289
12.500 0.2619 10.5750 0.1297
13.020 0.2787 10.9685 0.1271
13.520 0.2854 11.3310 0.1302
14.020 0.2987 11.7002 0.1294
14.520 0.3104 12.0788 0.1281
15.020 0.3191 12.4521 0.1290
15.520 0.3222 12.8201 0.1285
16.020 0.3261 13.1867 0.1298
16.500 0.3305 13.5441 0.1293
17.000 0.3397 13.9155 0.1287
17.500 0.3478 14.2820 0.1300
18.000 0.3600 14.6472 0.1278
18.500 0.3656 15.0063 0.1305
19.000 0.3814 15.3778 0.1282
19.500 0.3846 15.7423 0.1286
20.000 0.3861 16.0947 0.1298
20.500 0.3859 16.4516 0.1293
21.000 0.3861 16.8140 0.1299
21.500 0.3964 17.1848 0.1292
22.000 0.4141 17.5579 0.1281
22.500 0.4271 17.9307 0.1287
23.000 0.4305 18.2957 0.1286
23.500 0.4343 18.6633 0.1295
24.000 0.4429 19.0406 0.1278
24.500 0.4441 19.4059 0.1302
25.000 0.4500 19.7750 0.1290
25.500 0.4592 20.1489 0.1298
26.000 0.4745 20.5254 0.1273
26.500 0.4845 20.8941 0.1299
27.000 0.5026 21.2728 0.1296
27.500 0.5185 21.6550 0.1271
28.000 0.5228 22.0208 0.1306
28.500 0.5344 22.3947 0.1280
29.000 0.5396 22.7615 0.1287
29.500 0.5419 23.1224 0.1296
30.000 0.5490 23.4872 0.1294
30.500 0.5587 23.8587 0.1287
31.000 0.5665 24.2290 0.1287
31.500 0.5696 24.5960 0.1296
31.980 0.5796 24.9478 0.1285
