0.000 -0.0000 3.0000 0.1133
0.500 -0.0000 3.0000 0.1138
1.000 -0.0000 3.0000 0.1143
1.500 0.0017 3.0002 0.1172
2.000 0.0667 3.0018 0.1326
2.500 0.2950 3.0295 0.1277
3.000 0.5922 3.1003 0.1253
3.500 0.9013 3.1965 0.1268
4.000 1.2279 3.2979 0.1292
4.500 1.5668 3.3764 0.1288
5.000 1.9095 3.4401 0.1288
5.500 2.2508 3.5012 0.1277
6.000 2.5877 3.5575 0.1290
6.500 2.9206 3.6070 0.1291
7.000 3.2562 3.6550 0.1295
7.500 3.5931 3.7030 0.1283
8.000 3.9247 3.7488 0.1298
8.500 4.2590 3.7960 0.1279
9.000 4.5894 3.8392 0.1290
9.500 4.9181 3.8828 0.1291
10.000 5.2505 3.9282 0.1295
10.500 5.5865 3.9805 0.1278
11.000 5.9151 4.0277 0.1290
11.500 6.2467 4.0714 0.1285
12.000 6.5748 4.1119 0.1294
12.500 6.9100 4.1588 0.1280
13.000 7.2391 4.2000 0.1285
13.500 7.5677 4.2391 0.1295
14.000 7.9076 4.2807 0.1281
14.500 8.2412 4.3159 0.1294
15.000 8.5724 4.3556 0.1289
15.500 8.9056 4.3993 0.1294
16.000 9.2425 4.4427 0.1284
16.500 9.5772 4.4919 0.1277
17.000 9.9101 4.5325 0.1290
17.500 10.2406 4.5694 0.1286
18.000 10.5671 4.5960 0.1297
18.500 10.8868 4.6234 0.1291
19.000 11.2099 4.6491 0.1311
19.500 11.5449 4.6920 0.1282
20.000 11.8801 4.7338 0.1286
20.500 12.2110 4.7705 0.1281
21.000 12.5352 4.7987 0.1305
21.500 12.8715 4.8399 0.1283
22.000 13.1997 4.8808 0.1286
22.500 13.5245 4.9134 0.1296
23.000 13.8541 4.9473 0.1294
23.500 14.1855 4.9826 0.1278
24.000 14.5051 5.0100 0.1294
24.500 14.8228 5.0321 0.1298
25.000 15.1440 5.0543 0.1295
25.500 15.4675 5.0799 0.1298
26.000 15.8025 5.1109 0.1293
26.500 16.1415 5.1426 0.1277
27.000 16.4682 5.1651 0.1301
27.500 16.8056 5.2002 0.1283
28.000 17.1425 5.2305 0.1288
28.500 17.4832 5.2614 0.1293
29.000 17.8309 5.2935 0.1277
29.520 18.1794 5.3259 0.1299
30.020 18.5198 5.3607 0.1287
30.520 18.8602 5.3991 0.1294
31.020 19.2025 5.4348 0.1278
31.520 19.5338 5.4678 0.1289
31.980 19.8356 5.4992 0.1278
