0.000 -0.0000 3.0000 0.1134
0.500 -0.0000 3.0000 0.1139
1.000 -0.0000 3.0000 0.1144
1.500 0.0001 3.0001 0.1152
2.000 0.0176 3.0178 0.1295
2.500 0.1099 3.1101 0.1290
3.000 0.2271 3.2279 0.1275
3.500 0.3484 3.3454 0.1297
4.000 0.4745 3.4590 0.1264
4.500 0.5913 3.5713 0.1282
5.020 0.7164 3.6984 0.1291
5.520 0.8391 3.8228 0.1308
6.020 0.9655 3.9514 0.1318
6.520 1.0976 4.0789 0.1274
7.020 1.2289 4.2065 0.1281
7.520 1.3605 4.3294 0.1261
8.020 1.4749 4.4446 0.1287
8.500 1.5906 4.5576 0.1266
9.000 1.7076 4.6736 0.1281
9.500 1.8283 4.7936 0.1304
10.000 1.9584 4.9248 0.1323
10.500 2.0870 5.0602 0.1318
11.000 2.2135 5.1917 0.1303
11.500 2.3436 5.3214 0.1286
12.000 2.4722 5.4486 0.1261
12.500 2.5861 5.5688 0.1282
13.000 2.7066 5.6953 0.1289
13.500 2.8349 5.8267 0.1257
14.000 2.9479 5.9441 0.1280
14.500 3.0661 6.0622 0.1291
15.000 3.1942 6.1878 0.1315
15.500 3.3254 6.3150 0.1306
16.000 3.4514 6.4460 0.1306
16.500 3.5746 6.5717 0.1358
17.000 3.7001 6.7008 0.1342
17.500 3.8293 6.8344 0.1297
18.000 3.9554 6.9589 0.1263
18.500 4.0675 7.0687 0.1275
19.000 4.1791 7.1773 0.1296
19.500 4.3011 7.2993 0.1261
20.000 4.4209 7.4131 0.1278
20.500 4.5394 7.5288 0.1281
21.000 4.6552 7.6472 0.1260
21.500 4.7574 7.7560 0.1286
22.000 4.8689 7.8695 0.1293
22.500 4.9921 7.9868 0.1283
23.000 5.1152 8.1068 0.1270
23.500 5.2381 8.2200 0.1272
24.000 5.3560 8.3350 0.1294
24.500 5.4811 8.4618 0.1305
25.000 5.6082 8.5852 0.1315
25.500 5.7352 8.7089 0.1290
26.000 5.8581 8.8364 0.1277
26.500 5.9856 8.9647 0.1308
27.000 6.1133 9.0925 0.1328
27.500 6.2379 9.2225 0.1302
28.000 6.3644 9.3579 0.1271
28.500 6.4877 9.4877 0.1263
29.000 6.6021 9.6002 0.1283
29.500 6.7206 9.7158 0.1285
30.000 6.8422 9.8468 0.1284
30.500 6.9655 9.9729 0.1262
31.000 7.0845 10.0905 0.1290
31.500 7.2053 10.2181 0.1270
31.980 7.3226 10.3394 0.1280
