0.000 -0.0000 3.0000 0.1134
0.500 -0.0000 3.0000 0.1139
1.000 -0.0000 3.0000 0.1144
1.500 0.0016 3.0000 0.1169
2.000 0.0682 2.9997 0.1305
2.500 0.3033 2.9997 0.1263
3.000 0.6455 3.0000 0.1222
3.500 1.0294 3.0000 0.1217
4.000 1.4228 3.0002 0.1215
4.500 1.8152 2.9999 0.1224
5.000 2.2101 2.9999 0.1230
5.500 2.6101 3.0000 0.1241
6.000 3.0199 3.0001 0.1244
6.500 3.4331 2.9999 0.1244
7.000 3.8402 2.9995 0.1260
7.500 4.2446 2.9988 0.1258
8.000 4.6407 2.9985 0.1275
8.500 5.0504 2.9987 0.1285
9.000 5.4666 2.9992 0.1285
9.500 5.8787 2.9990 0.1282
10.000 6.2838 2.9989 0.1289
10.500 6.6902 2.9993 0.1287
11.000 7.0992 2.9989 0.1290
11.500 7.5117 2.9985 0.1290
12.000 7.9265 2.9979 0.1279
12.500 8.3252 2.9973 0.1285
13.020 8.7361 2.9972 0.1297
13.520 9.1423 2.9974 0.1285
14.020 9.5456 2.9971 0.1288
14.520 9.9508 2.9971 0.1289
15.020 10.3562 2.9968 0.1288
15.520 10.7654 2.9997 0.1285
16.020 11.1760 3.0019 0.1283
16.500 11.5619 3.0024 0.1287
17.000 11.9614 3.0019 0.1291
17.500 12.3632 3.0012 0.1289
18.000 12.7676 3.0007 0.1290
18.500 13.1710 3.0004 0.1294
19.000 13.5822 3.0021 0.1288
19.500 13.9903 3.0023 0.1288
20.000 14.3937 3.0021 0.1300
20.500 14.8078 3.0125 0.1294
21.000 15.2237 3.0334 0.1285
21.500 15.6401 3.0547 0.1281
22.000 16.0539 3.0711 0.1294
22.500 16.4664 3.0852 0.1277
23.000 16.8606 3.0866 0.1299
23.500 17.2652 3.0873 0.1292
24.000 17.6724 3.0886 0.1292
24.500 18.0848 3.0932 0.1288
25.000 18.4933 3.0941 0.1277
25.500 18.8825 3.0943 0.1305
26.000 19.2874 3.1009 0.1296
26.500 19.6959 3.1127 0.1293
27.000 20.1096 3.1232 0.1283
27.500 20.5196 3.1350 0.1294
28.000 20.9310 3.1518 0.1289
28.500 21.3421 3.1714 0.1297
29.000 21.7609 3.1927 0.1282
29.500 22.1731 3.2053 0.1288
30.000 22.5862 3.2126 0.1283
30.500 22.9885 3.2149 0.1293
31.000 23.3935 3.2209 0.1298
31.500 23.8005 3.2350 0.1288
31.980 24.1912 3.2422 0.1288
