0.000 -0.0000 3.0000 0.1134
0.500 -0.0000 3.0000 0.1139
1.020 -0.0000 3.0000 0.1144
1.520 0.0025 3.0004 0.1183
2.020 0.0553 3.0433 0.1427
2.520 0.2480 3.2435 0.1268
3.020 0.4637 3.5141 0.1262
3.520 0.6646 3.8283 0.1256
4.020 0.8383 4.1728 0.1265
4.500 0.9678 4.5261 0.1255
5.000 1.0601 4.9068 0.1262
5.500 1.1007 5.2961 0.1257
6.000 1.0991 5.6887 0.1280
6.500 1.0598 6.0943 0.1291
7.000 0.9648 6.5042 0.1299
7.500 0.8171 6.8922 0.1294
8.000 0.6315 7.2498 0.1302
8.500 0.4067 7.5825 0.1301
9.000 0.1556 7.8886 0.1311
9.500 -0.1274 8.1674 0.1299
10.000 -0.4273 8.4154 0.1306
10.500 -0.7501 8.6300 0.1311
11.000 -1.0905 8.8163 0.1297
11.500 -1.4484 8.9679 0.1330
12.000 -1.8350 9.0879 0.1302
12.500 -2.2303 9.1619 0.1301
13.000 -2.6291 9.1973 0.1297
13.500 -3.0222 9.1998 0.1314
14.000 -3.4148 9.1557 0.1291
14.500 -3.7916 9.0827 0.1320
15.000 -4.1666 8.9683 0.1304
15.500 -4.5305 8.8166 0.1314
16.000 -4.8833 8.6384 0.1287
16.500 -5.1978 8.4411 0.1326
17.000 -5.5053 8.1990 0.1308
17.500 -5.7976 7.9230 0.1297
18.000 -6.0538 7.6294 0.1298
18.500 -6.2817 7.3235 0.1323
19.000 -6.4823 6.9833 0.1306
19.500 -6.6434 6.6276 0.1298
20.000 -6.7715 6.2647 0.1322
20.500 -6.8631 5.8725 0.1294
21.000 -6.9104 5.4755 0.1305
21.500 -6.9212 5.0796 0.1301
22.000 -6.8917 4.6914 0.1305
22.500 -6.8250 4.3096 0.1305
23.000 -6.7198 3.9343 0.1310
23.500 -6.5862 3.5653 0.1307
24.000 -6.4236 3.2122 0.1311
24.500 -6.2244 2.8709 0.1302
25.000 -5.9917 2.5540 0.1315
25.500 -5.7329 2.2595 0.1289
26.000 -5.4582 2.0004 0.1321
26.500 -5.1535 1.7618 0.1315
27.000 -4.8181 1.5471 0.1300
27.500 -4.4696 1.3709 0.1308
28.000 -4.1080 1.2321 0.1307
28.500 -3.7353 1.1345 0.1312
29.000 -3.3507 1.0768 0.1312
29.500 -2.9549 1.0534 0.1303
30.000 -2.5637 1.0711 0.1310
30.500 -2.1727 1.1320 0.1307
31.000 -1.7835 1.2329 0.1308
31.500 -1.3950 1.3698 0.1317
31.980 -1.0267 1.5362 0.1291
